      0/99      4.7G    0.1164    0.1386         0     0.255       113       640   0.05237   0.08516   0.01018  0.001536    0.1082    0.1579         0
      1/99     4.69G    0.1067    0.1534         0    0.2601       125       640    0.1561    0.3462    0.1112   0.01928   0.09289    0.1734         0
      2/99     4.69G   0.09142    0.1492         0    0.2406       103       640    0.4068    0.4918    0.3669   0.08048   0.07411    0.1395         0
      3/99     4.69G   0.08042    0.1217         0    0.2021       115       640    0.3559    0.6665    0.3705   0.06565   0.07932    0.1193         0
      4/99     4.69G   0.07364    0.1078         0    0.1814        66       640    0.4431    0.7857    0.5406    0.1606   0.06691    0.1056         0
      5/99     4.69G   0.07328    0.1009         0    0.1742        86       640    0.4899    0.5752    0.5341    0.1214   0.06792    0.1042         0
      6/99     4.69G   0.07212   0.09691         0     0.169        97       640    0.6169     0.615    0.5337   0.07997   0.07925   0.09152         0
      7/99     4.69G   0.07256   0.09645         0     0.169        82       640    0.5575     0.765    0.6313    0.2188   0.06266   0.09543         0
      8/99     4.69G   0.07088   0.09453         0    0.1654        64       640    0.6527    0.6786    0.6766    0.2084   0.06358   0.09307         0
      9/99     4.69G   0.06688   0.09301         0    0.1599        78       640    0.5362    0.8104    0.6237    0.2621   0.06008    0.0919         0
     10/99     4.69G   0.07074   0.09401         0    0.1648        96       640    0.3045    0.7665    0.3237   0.07175   0.06398   0.09731         0
     11/99     4.69G   0.07054    0.1075         0    0.1781       101       640    0.4876    0.6719    0.6161    0.2647   0.06214   0.09715         0
     12/99     4.69G   0.06966   0.09354         0    0.1632       108       640    0.5787    0.3819    0.4827    0.1422   0.07847   0.09032         0
     13/99     4.69G   0.07586   0.08899         0    0.1649       111       640    0.5345    0.6566    0.6406    0.1728   0.06413   0.09204         0
     14/99     4.69G   0.06377   0.09101         0    0.1548        65       640    0.3729    0.9038    0.3787    0.1608   0.05755   0.09395         0
     15/99     4.69G   0.06562   0.09314         0    0.1588       108       640    0.4011    0.7985     0.519    0.1227    0.0643   0.09345         0
     16/99     4.69G   0.06263   0.09553         0    0.1582        96       640    0.5771    0.7527    0.6703    0.1776   0.05913   0.09441         0
     17/99     4.69G   0.06085   0.08847         0    0.1493       145       640    0.8896    0.6813    0.8417    0.3767   0.06829   0.09093         0
     18/99     4.69G   0.07059   0.08587         0    0.1565       121       640    0.9044    0.8839    0.9339    0.3155    0.0621    0.0899         0
     19/99     4.69G   0.06393   0.09484         0    0.1588       130       640    0.7758    0.7308    0.8479    0.2939   0.05328   0.09339         0
     20/99     4.69G   0.05972   0.09507         0    0.1548       109       640    0.3058    0.6429    0.3298   0.06971   0.07221    0.1096         0
     21/99     4.69G    0.0648    0.1002         0     0.165       111       640    0.5818    0.8868    0.6991    0.2914   0.05329   0.08775         0
     22/99     4.69G   0.05798   0.09179         0    0.1498       115       640    0.4924    0.7143    0.6563    0.1216   0.05667    0.0978         0
     23/99     4.69G   0.05738    0.0936         0     0.151        91       640    0.8813    0.8791    0.9361    0.4141    0.0566   0.09412         0
     24/99     4.69G    0.0636   0.09512         0    0.1587        72       640    0.7797    0.8214     0.861    0.4803   0.04728   0.09042         0
     25/99     4.69G   0.05265   0.08944         0    0.1421       150       640    0.7033    0.8462    0.8417    0.3578   0.05491   0.09527         0
     26/99     4.69G   0.04841   0.08511         0    0.1335       152       640    0.8043    0.9144    0.8815    0.3876   0.04928   0.08969         0
     27/99     4.69G   0.04867   0.08752         0    0.1362       112       640    0.8956    0.8952    0.9582    0.4343   0.04416   0.08717         0
     28/99     4.69G   0.05324   0.08641         0    0.1396        92       640    0.9368    0.9365    0.9367    0.4406   0.04903   0.09859         0
     29/99     4.69G   0.04803   0.08869         0    0.1367       111       640     0.953    0.9505    0.9752    0.4488   0.04442   0.08807         0
     30/99     4.69G   0.04306   0.08633         0    0.1294        82       640    0.9324    0.9478    0.9688    0.4243   0.05691    0.0916         0
     31/99     4.69G   0.05373   0.08709         0    0.1408        53       640     0.964    0.8984    0.9752    0.4686   0.04619   0.08684         0
     32/99     4.69G   0.04771   0.08771         0    0.1354       120       640    0.9753    0.9808    0.9837    0.6045   0.03666   0.08659         0
     33/99     4.69G   0.04413   0.07722         0    0.1214        75       640    0.8694    0.9011    0.9058    0.3329   0.05088   0.08849         0
     34/99     4.69G   0.04184   0.08106         0    0.1229        70       640    0.9775    0.9588    0.9792    0.5617   0.04108   0.08629         0
     35/99     4.69G   0.04111   0.07616         0    0.1173        90       640    0.9777     0.964    0.9845    0.6183   0.03782    0.0838         0
     36/99     4.69G   0.04402   0.08237         0    0.1264        85       640    0.9913    0.9533    0.9835     0.629   0.03589   0.08266         0
     37/99     4.69G   0.03798   0.07484         0    0.1128       102       640    0.9859     0.967    0.9899    0.6278   0.03478    0.0822         0
     38/99     4.69G   0.03261   0.07396         0    0.1066       122       640    0.9859    0.9614    0.9819     0.648   0.03489   0.08316         0
     39/99     4.69G   0.03783    0.0754         0    0.1132       106       640     0.994    0.9173    0.9689    0.6011   0.04227   0.08605         0
     40/99     4.69G   0.04413   0.07543         0    0.1196       127       640    0.9886     0.956    0.9821    0.6574   0.03488    0.0828         0
     41/99     4.69G   0.03596   0.07623         0    0.1122       110       640    0.9887     0.967    0.9853     0.626   0.03407   0.08295         0
     42/99     4.69G    0.0354   0.06928         0    0.1047        63       640    0.9563     0.967    0.9808    0.6494    0.0337   0.08399         0
     43/99     4.69G   0.03309   0.06981         0    0.1029       117       640    0.9944     0.967    0.9858    0.6438   0.03413   0.08477         0
     44/99     4.69G   0.03661   0.07688         0    0.1135       149       640    0.9862    0.9807    0.9912    0.6867    0.0322   0.08406         0
     45/99     4.69G   0.03266   0.07323         0    0.1059        97       640    0.9889    0.9752    0.9918    0.6838   0.02928   0.08233         0
     46/99     4.69G   0.02828   0.07005         0   0.09833        51       640    0.9944    0.9753    0.9876    0.6198   0.03359   0.08412         0
     47/99     4.69G   0.03631   0.07778         0    0.1141        63       640    0.9944    0.9753    0.9883       0.6   0.03731   0.08603         0
     48/99     4.69G   0.04038   0.07824         0    0.1186       107       640    0.9916    0.9753     0.992    0.6794   0.03172   0.08177         0
     49/99     4.69G   0.03235   0.06825         0    0.1006        91       640    0.9861    0.9752    0.9886    0.6515   0.03512    0.0846         0
     50/99     4.69G    0.0299   0.07123         0    0.1011       147       640    0.9834    0.9753    0.9893    0.6913   0.03135   0.08398         0
     51/99     4.69G   0.03327   0.07427         0    0.1075        52       640    0.9888    0.9725    0.9864    0.6291   0.03694   0.08735         0
     52/99     4.69G   0.03754   0.07403         0    0.1116        80       640    0.9916    0.9725    0.9913    0.6806   0.02936    0.0825         0
     53/99     4.69G   0.02764   0.06873         0   0.09636       123       640    0.9887    0.9698    0.9871    0.6805   0.03041   0.08204         0
     54/99     4.69G   0.02693    0.0659         0   0.09283        73       640    0.9861    0.9725    0.9914    0.6953   0.02932   0.08089         0
     55/99     4.69G   0.02886   0.06415         0   0.09301        70       640    0.9915    0.9643    0.9873    0.6701   0.03066   0.08188         0
     56/99     4.69G   0.03303   0.07075         0    0.1038        88       640    0.9887    0.9698    0.9839    0.6624   0.03041   0.08159         0
     57/99     4.69G   0.03078   0.06601         0   0.09679       119       640    0.9833    0.9698    0.9859    0.6874   0.02876   0.08056         0
     58/99     4.69G   0.02618   0.06398         0   0.09016       109       640    0.9833    0.9725    0.9869    0.7027   0.02803   0.07969         0
     59/99     4.69G   0.02492   0.05797         0   0.08289       100       640    0.9833    0.9725    0.9865     0.695   0.02815   0.08009         0
     60/99     4.69G   0.02808   0.06583         0   0.09391        85       640     0.978    0.9752    0.9868    0.7056   0.02704   0.07915         0
     61/99     4.69G   0.02628   0.06373         0      0.09        89       640    0.9779     0.978    0.9856    0.7052   0.02819   0.08024         0
     62/99     4.69G   0.02529   0.06739         0   0.09268       119       640    0.9834    0.9753    0.9868    0.6989    0.0273   0.08171         0
     63/99     4.69G   0.02384   0.05961         0   0.08345       118       640     0.986    0.9696    0.9857    0.6996    0.0265   0.08081         0
     64/99     4.69G   0.02502   0.06222         0   0.08724       170       640    0.9916    0.9691    0.9917    0.7037   0.02673   0.08046         0
     65/99     4.69G    0.0246   0.06105         0   0.08565       147       640    0.9861    0.9724    0.9851    0.7038   0.02645    0.0793         0
     66/99     4.69G   0.02229   0.05623         0   0.07851        86       640    0.9832    0.9698    0.9851    0.7112   0.02647    0.0794         0
     67/99     4.69G   0.02291   0.06043         0   0.08334        72       640    0.9887    0.9643    0.9864    0.7108   0.02633   0.07996         0
     68/99     4.69G   0.02452   0.06345         0   0.08797        94       640    0.9888     0.967    0.9853    0.7078   0.02637   0.08095         0
     69/99     4.69G   0.02368   0.06117         0   0.08485        83       640     0.986    0.9698    0.9855    0.7077   0.02697   0.08156         0
     70/99     4.69G   0.02188   0.05871         0   0.08059        98       640    0.9888    0.9669    0.9862    0.7136   0.02617   0.08042         0
     71/99     4.69G   0.02193   0.06012         0   0.08206        77       640    0.9914    0.9643    0.9861    0.7125   0.02587   0.08033         0
     72/99     4.69G   0.02317   0.05779         0   0.08095       120       640    0.9915    0.9698    0.9879    0.7037   0.02664    0.0819         0
     73/99     4.69G   0.02327   0.05902         0    0.0823       107       640    0.9861    0.9753     0.993    0.7007   0.02697   0.08239         0
     74/99     4.69G   0.02241   0.05997         0   0.08239       135       640    0.9833    0.9725    0.9861    0.7029   0.02736   0.08321         0
     75/99     4.69G   0.02172   0.05694         0   0.07866        88       640    0.9889    0.9749    0.9929    0.7118   0.02618   0.08126         0
     76/99     4.69G   0.02259    0.0584         0   0.08099        94       640    0.9915     0.967    0.9864    0.6886   0.02761   0.08309         0
     77/99     4.69G   0.02253   0.05743         0   0.07996       151       640     0.978     0.978    0.9926    0.6975   0.02673   0.08293         0
     78/99     4.69G   0.02096   0.05592         0   0.07688       101       640    0.9888    0.9697    0.9924    0.7113   0.02585   0.08279         0
     79/99     4.69G   0.02078   0.05843         0   0.07921       146       640    0.9886    0.9698    0.9863    0.7074   0.02605   0.08381         0
     80/99     4.69G   0.02087   0.05434         0   0.07521       120       640    0.9728    0.9835    0.9921     0.703   0.02676   0.08481         0
     81/99     4.69G    0.0216   0.05654         0   0.07815        82       640    0.9888    0.9698    0.9924    0.7016   0.02726   0.08514         0
     82/99     4.69G   0.02047   0.05407         0   0.07454       143       640    0.9915    0.9614     0.987    0.7049   0.02596   0.08397         0
     83/99     4.69G   0.01982   0.05478         0    0.0746        71       640    0.9914    0.9615    0.9873    0.7044   0.02616   0.08421         0
     84/99     4.69G   0.02135   0.05651         0   0.07786        94       640    0.9753    0.9753    0.9875    0.6989   0.02646   0.08469         0
     85/99     4.69G   0.02094   0.05665         0   0.07759       121       640    0.9779    0.9753    0.9875    0.6964   0.02672   0.08449         0
     86/99     4.69G   0.02002   0.05525         0   0.07527       140       640    0.9834     0.978    0.9927    0.7067   0.02626   0.08516         0
     87/99     4.69G   0.01959   0.05154         0   0.07113        93       640    0.9807     0.978    0.9927    0.7037   0.02613   0.08522         0
     88/99     4.69G   0.02011   0.05246         0   0.07258       102       640    0.9833    0.9725    0.9867    0.7029   0.02693   0.08607         0
     89/99     4.69G   0.02109   0.05782         0   0.07891       163       640    0.9915    0.9642    0.9854    0.6994   0.02681   0.08619         0
     90/99     4.69G   0.02005   0.05438         0   0.07443       137       640    0.9887    0.9642    0.9863    0.7072   0.02619    0.0859         0
     91/99     4.69G   0.01951   0.05458         0   0.07409       107       640    0.9915    0.9643    0.9874    0.7057    0.0262   0.08609         0
     92/99     4.69G   0.01981    0.0532         0   0.07302       113       640    0.9887    0.9615    0.9863    0.7051   0.02621   0.08684         0
     93/99     4.69G   0.02022   0.05369         0   0.07391       130       640    0.9779    0.9724    0.9863    0.6977   0.02706   0.08822         0
     94/99     4.69G   0.01905   0.05338         0   0.07243       138       640    0.9779    0.9725    0.9854    0.7026   0.02599   0.08655         0
     95/99     4.69G   0.01928   0.05183         0   0.07111       149       640    0.9858    0.9725    0.9871    0.7036   0.02605   0.08635         0
     96/99     4.69G   0.01936   0.05028         0   0.06965       127       640    0.9888    0.9725    0.9866    0.6986   0.02683   0.08688         0
     97/99     4.69G   0.02011   0.05144         0   0.07156       117       640    0.9807     0.978    0.9927    0.7025   0.02671   0.08666         0
     98/99     4.69G   0.01916   0.05368         0   0.07285       104       640    0.9781    0.9832    0.9927    0.7122   0.02584   0.08561         0
     99/99     4.69G   0.01831   0.05077         0   0.06908       134       640    0.9808    0.9835    0.9927    0.7118   0.02578   0.08563         0
